84
10887 12778
16916 7794
18336 5387
493 16650
1422 2363
10028 8691
60 17764
13927 541
3427 9173
15737 5212
15369 2568
16430 5783
1531 2863
5124 14068
3136 13930
19803 14023
3059 13070
18168 1394
18457 15012
18043 16230
17374 4422
4920 13785
18538 15199
14325 18316
4371 6414
3527 16092
8981 19957
1874 6863
19171 6997
17282 2306
926 17085
16328 337
6506 10847
1730 1314
5858 16125
13896 19583
546 18815
13368 15435
10365 4044
13751 11088
6809 17277
7179 15789
13585 5404
2652 12755
12400 19933
15061 9677
13369 7740
10013 16227
18587 8095
17540 796
571 11435
379 17468
6602 10098
12903 13318
10493 6653
757 17302
281 4287
9442 13866
9690 8445
6620 18441
4730 18032
8118 18098
5772 14482
10676 710
18928 4568
17857 19498
12354 14587
16966 15307
4684 6220
8625 11529
12872 5733
8830 9504
10020 18271
3369 19709
6716 6341
18150 7797
724 2619
2246 2847
13452 12922
3556 12380
17489 17765
8229 9842
12351 5194
1501 17035
