61
6700 2227
13576 17356
1552 5916
10 17517
17505 19604
19610 5909
9576 17221
5295 7632
188 18581
9395 2172
17287 9790
8730 3447
38 17577
6462 5397
12634 15041
19409 19334
17267 12984
16689 18818
18899 13050
12686 12756
12653 8647
18664 18581
2219 310
2564 2407
18891 11959
4578 16177
1748 13307
19623 18137
7236 2436
3533 16221
17476 2941
15554 14742
12277 8595
9912 7527
1644 18949
282 10649
7596 18945
9229 9814
19255 11792
8572 14497
3750 13149
10673 1850
2808 6648
19986 6395
9083 19871
2615 6559
19163 14521
17652 11439
3115 3915
18966 1110
2864 15599
11758 6811
14544 17338
16624 10150
9130 5196
4646 9231
14696 11670
7432 13855
14669 7418
249 3752
3640 19216
